Standard Error Stream:
.....#...#....#............... 0 0 0 0 0 0 0
13321221133233 5 -6 5 -6 5 -6 0
RDUL 0 0 0 0 0 0 15
UUDURRLLLUDUUU 0 0 0 0 0 0 0
Points                    [[0, 0, 0], [14, 14, 14], [0, 0, 0], [0, 0, 0]]
Utilities                 [[5.0, 2.5, 5.0, 7.5], [4.0, 5.0, 5.0, 4.0], [3, 5, 4, 2], [10, 0, 0, 0]]
w = f(points)             [1.2, 1.2, 1.2, 1.2]
w = f(medals)             [1.5, 1.5, 1.5, 1.5]
w = f(remaining turns)    [1.0, 1.0, 1.0, 1.0]
Resulting Utility         [39.599999999999994, 22.5, 25.2, 24.299999999999997]
 Decision UP
001
100
Standard Error Stream:
.....#...#....#............... 2 2 2 0 0 0 0
3321221133233 5 -7 5 -7 5 -7 0
RDUL 2 2 2 3 3 3 14
UDURRLLLUDUUU 1 1 1 1 1 1 0
Points                    [[2, 2, 2], [13, 13, 13], [2, 2, 2], [1, 1, 1]]
Utilities                 [[5.0, 2.5, 5.0, -10.0], [2.5, 5.5, 5.5, 2.5], [-10, -10, -10, -1], [10, 0, 0, 0]]
w = f(points)             [1.2, 1.2, 1.2, 1.2]
w = f(medals)             [1.5, 1.5, 1.5, 1.5]
w = f(remaining turns)    [1.0, 1.0, 1.0, 1.0]
Resulting Utility         [13.5, -3.6000000000000014, 0.8999999999999986, -15.3]
 Decision UP
002
100
Standard Error Stream:
.....#...#....#............... 4 4 4 0 0 0 0
321221133233 5 -10 5 -10 5 -10 0
DLUR 4 4 4 -2 -2 -2 13
DURRLLLUDUUU 3 3 3 2 2 2 0
Points                    [[4, 4, 4], [10, 10, 10], [4, 4, 4], [3, 3, 3]]
Utilities                 [[5.0, -10.0, -10.0, -10.0], [1.0, 4.0, 4.0, 1.0], [7, 8, 6, 9], [0, 0, 10, 0]]
w = f(points)             [1.2, 1.2, 1.2, 1.2]
w = f(medals)             [1.5, 1.5, 1.5, 1.5]
w = f(remaining turns)    [1.0, 1.0, 1.0, 1.0]
Resulting Utility         [23.400000000000002, 3.599999999999998, 18.0, 0.0]
 Decision UP
003
100
Standard Error Stream:
.....#...#....#............... 6 5 5 0 2 2 0
21221133233 5 -13 5 -7 5 -7 0
DLUR 4 4 4 -1 -1 -1 12
URRLLLUDUUU 3 6 6 0 3 3 0
Points                    [[6, 5, 5], [7, 13, 13], [4, 4, 4], [3, 6, 6]]
Utilities                 [[5.0, 2.5, 5.0, -10.0], [0.0, 2.0, 2.0, 0.0], [6, 7, 5, 8], [10, 0, 0, 0]]
w = f(points)             [1.2, 1.0, 1.2, 1.0]
w = f(medals)             [1.5, 1.5, 1.5, 1.5]
w = f(remaining turns)    [1.0, 1.0, 1.0, 1.0]
Resulting Utility         [34.8, 20.1, 21.0, -3.6000000000000014]
 Decision UP
004
100
Standard Error Stream:
.....#...#....#............... 8 5 5 0 1 1 0
1221133233 5 -15 5 -9 5 -9 0
ULRD 4 4 4 2 2 2 11
RRLLLUDUUU 4 10 10 1 4 4 0
Points                    [[8, 5, 5], [5, 11, 11], [4, 4, 4], [4, 10, 10]]
Utilities                 [[5.0, -10.0, -10.0, -10.0], [-0.5, 0.5, 0.5, -0.5], [0, 2, -10, -10], [0, 0, 0, 10]]
w = f(points)             [1.0, 1.0, 1.2, 1.0]
w = f(medals)             [1.5, 1.5, 1.5, 1.5]
w = f(remaining turns)    [1.0, 1.0, 1.0, 1.0]
Resulting Utility         [6.75, -10.65, -32.25, -18.75]
 Decision UP
005
100
Standard Error Stream:
.....#...#....#............... 10 5 5 0 0 0 0
221133233 5 -16 6 -9 6 -9 0
RDUL 5 6 6 1 -2 -2 10
RLLLUDUUU 4 15 15 0 5 5 0
Points                    [[10, 5, 5], [4, 10, 10], [5, 6, 6], [4, 15, 15]]
Utilities                 [[5.0, 2.5, 5.0, 7.5], [-1.5, 0.5, 0.5, -1.5], [4, 6, 5, 1], [0, 0, 0, 10]]
w = f(points)             [1.0, 1.0, 1.0, 1.0]
w = f(medals)             [1.5, 1.5, 1.5, 1.5]
w = f(remaining turns)    [1.0, 1.0, 1.0, 1.0]
Resulting Utility         [11.25, 13.5, 15.75, 25.5]
 Decision RIGHT
006
100
Standard Error Stream:
.....#...#....#............... 13 8 8 0 0 0 0
21133233 7 -16 8 -9 8 -9 0
LUDR 6 6 6 2 -1 -1 9
LLLUDUUU 5 21 21 1 6 6 0
Points                    [[13, 8, 8], [2, 8, 8], [6, 6, 6], [5, 21, 21]]
Utilities                 [[5.0, -10.0, -10.0, -10.0], [-2.5, -0.5, -0.5, -2.5], [4, 2, 3, 5], [0, 10, 0, 0]]
w = f(points)             [1.0, 1.0, 1.2, 1.0]
w = f(medals)             [1.5, 1.5, 1.5, 1.5]
w = f(remaining turns)    [1.0, 1.0, 1.0, 1.0]
Resulting Utility         [10.95, 2.8499999999999996, -10.350000000000001, -9.75]
 Decision UP
007
100
Standard Error Stream:
.....#...#....#............... 15 9 9 0 2 2 0
1133233 7 -18 6 -9 6 -9 0
DLUR 8 6 6 2 2 2 8
LLUDUUU 5 28 28 0 7 7 0
Points                    [[15, 9, 9], [0, 10, 10], [8, 6, 6], [5, 28, 28]]
Utilities                 [[5.0, 2.5, 5.0, 7.5], [-3.0, -2.0, -2.0, -3.0], [3, 4, 0, 5], [0, 10, 0, 0]]
w = f(points)             [1.0, 1.2, 1.0, 1.0]
w = f(medals)             [1.5, 1.5, 1.5, 1.5]
w = f(remaining turns)    [1.0, 1.0, 1.0, 1.0]
Resulting Utility         [6.6000000000000005, 21.15, 3.9000000000000004, 13.350000000000001]
 Decision LEFT
008
100
Standard Error Stream:
.....#...#....#............... 16 9 9 0 1 1 0
133233 6 -18 5 -9 5 -9 0
RUDL 10 8 8 2 4 4 7
LUDUUU 6 36 36 1 8 8 0
Points                    [[16, 9, 9], [1, 11, 11], [10, 8, 8], [6, 36, 36]]
Utilities                 [[5.0, 2.5, 5.0, 7.5], [-2.5, -1.5, -1.5, -2.5], [4, 5, 3, 0], [0, 10, 0, 0]]
w = f(points)             [1.0, 1.0, 1.0, 1.0]
w = f(medals)             [1.5, 1.5, 1.5, 1.5]
w = f(remaining turns)    [1.0, 1.0, 1.0, 1.0]
Resulting Utility         [9.75, 24.0, 9.75, 7.5]
 Decision LEFT
009
100
Standard Error Stream:
.....#...#....#............... 17 9 9 0 0 0 0
33233 5 -18 4 -9 4 -9 0
DURL 13 11 11 4 -2 -2 6
UDUUU 8 45 45 2 9 9 0
Points                    [[17, 9, 9], [2, 12, 12], [13, 11, 11], [8, 45, 45]]
Utilities                 [[5.0, 2.5, 5.0, 7.5], [-3.0, 0.0, 0.0, -3.0], [2, -10, 0, -10], [10, 0, 0, 0]]
w = f(points)             [1.0, 1.0, 1.2, 1.0]
w = f(medals)             [1.5, 1.5, 1.5, 1.5]
w = f(remaining turns)    [1.0, 1.5, 1.0, 1.5]
Resulting Utility         [26.85, -14.25, 7.5, -13.5]
 Decision UP
010
100
Standard Error Stream:
.....#...#....#............... 19 11 11 0 0 0 0
3233 5 -20 4 -12 4 -12 0
LRUD 15 11 11 4 -1 -1 5
DUUU 11 55 55 3 10 10 0
Points                    [[19, 11, 11], [0, 9, 9], [15, 11, 11], [11, 55, 55]]
Utilities                 [[5.0, 2.5, 5.0, 7.5], [-4.0, -1.0, -1.0, -4.0], [-10, 0, -10, 2], [0, 0, 10, 0]]
w = f(points)             [1.0, 1.2, 1.0, 1.0]
w = f(medals)             [1.5, 1.5, 1.5, 1.5]
w = f(remaining turns)    [1.5, 1.5, 1.5, 1.5]
Resulting Utility         [-22.049999999999997, 2.9250000000000003, 8.55, 10.575000000000001]
 Decision RIGHT
011
100
Standard Error Stream:
.....#...#....#............... 22 13 13 0 0 0 0
233 8 -20 4 -9 4 -9 0
RDLU 17 11 11 4 2 2 4
UUU 11 66 66 0 11 11 0
Points                    [[22, 13, 13], [-3, 12, 12], [17, 11, 11], [11, 66, 66]]
Utilities                 [[5.0, 2.5, 5.0, 7.5], [-5.0, -3.0, -3.0, -5.0], [-10, -10, 2, 0], [10, 0, 0, 0]]
w = f(points)             [1.0, 1.2, 1.0, 1.0]
w = f(medals)             [1.5, 1.5, 1.5, 1.5]
w = f(remaining turns)    [1.5, 1.5, 1.5, 1.5]
Resulting Utility         [-2.25, -24.975, 7.65, 3.375]
 Decision DOWN
012
100
Standard Error Stream:
.....#...#....#............... 24 15 15 0 0 0 0
33 8 -18 4 -11 4 -11 0
LUDR 19 14 14 4 -2 -2 3
UU 11 78 78 0 12 12 0
Points                    [[24, 15, 15], [-1, 10, 10], [19, 14, 14], [11, 78, 78]]
Utilities                 [[5.0, 2.5, 5.0, 7.5], [-4.5, -1.5, -1.5, -4.5], [2, 0, -10, -10], [10, 0, 0, 0]]
w = f(points)             [1.0, 1.2, 1.0, 1.0]
w = f(medals)             [1.5, 1.5, 1.5, 1.5]
w = f(remaining turns)    [1.5, 1.5, 1.5, 1.5]
Resulting Utility         [26.1, 1.5750000000000002, -15.3, -17.775]
 Decision UP
013
100
Standard Error Stream:
.....#...#....#............... 26 17 17 0 0 0 0
3 8 -20 4 -14 4 -14 0
DLRU 21 14 14 4 -1 -1 2
U 12 91 91 1 13 13 0
Points                    [[26, 17, 17], [-3, 7, 7], [21, 14, 14], [12, 91, 91]]
Utilities                 [[5.0, 2.5, 5.0, 7.5], [-5.5, -2.5, -2.5, -5.5], [-10, 2, 0, -10], [10, 0, 0, 0]]
w = f(points)             [1.0, 1.2, 1.0, 1.0]
w = f(medals)             [1.5, 1.5, 1.5, 1.5]
w = f(remaining turns)    [1.5, 1.5, 1.5, 1.5]
Resulting Utility         [-3.599999999999998, 3.375, 4.5, -20.474999999999998]
 Decision DOWN
014
100
Standard Error Stream:
.....#...#....#............... 28 19 19 0 0 0 0
GAME_OVER 8 -17 4 -17 4 -17 0
LUDR 22 14 14 3 2 2 1
GAME_OVER 12 105 105 0 14 14 0
Points                    [[28, 19, 19], [0, 4, 4], [22, 14, 14], [12, 105, 105]]
Utilities                 [[5.0, 2.5, 5.0, 7.5], [0, 0, 0, 0], [3, 1, 2, -10], [0, 0, 0, 0]]
w = f(points)             [1.0, 1.2, 1.0, 1.0]
w = f(medals)             [1.0, 1.5, 1.0, 1.5]
w = f(remaining turns)    [1.5, 1.0, 1.5, 1.0]
Resulting Utility         [12.0, 5.25, 10.5, -3.75]
 Decision UP
015
100
Standard Error Stream:
GAME_OVER 29 21 21 0 0 0 0
1613289381163 5 6 5 6 5 6 0
GAME_OVER 24 16 16 3 4 4 0
DRUDDURDLRLUUUU 0 0 0 0 0 0 0
Points                    [[29, 21, 21], [14, 14, 14], [24, 16, 16], [0, 0, 0]]
Utilities                 [[0, 0, 0, 0], [5.0, 5.0, 4.0, 4.0], [0, 0, 0, 0], [0, 0, 10, 0]]
w = f(points)             [1.0, 1.2, 1.0, 1.2]
w = f(medals)             [1.0, 1.5, 1.0, 1.5]
w = f(remaining turns)    [1.5, 1.0, 1.5, 1.0]
Resulting Utility         [9.0, 9.0, 25.2, 7.199999999999999]
 Decision DOWN
016
100
Standard Error Stream:
.....#....#...#...#....#....#. 0 0 0 0 0 0 0
613289381163 5 7 5 7 5 7 0
RUDL 0 0 0 0 0 0 15
RUDDURDLRLUUUU 1 1 1 1 1 1 0
Points                    [[0, 0, 0], [13, 13, 13], [0, 0, 0], [1, 1, 1]]
Utilities                 [[5.0, 2.5, 5.0, 7.5], [7.0, 6.0, 1.0, 1.0], [4, 5, 3, 2], [0, 0, 0, 10]]
w = f(points)             [1.2, 1.2, 1.2, 1.2]
w = f(medals)             [1.0, 1.5, 1.0, 1.5]
w = f(remaining turns)    [1.0, 1.0, 1.0, 1.0]
Resulting Utility         [23.400000000000002, 19.799999999999997, 11.399999999999999, 31.200000000000003]
 Decision RIGHT
017
100
Standard Error Stream:
.....#....#...#...#....#....#. 3 3 3 0 0 0 0
13289381163 11 7 11 7 11 7 0
DLRU 1 1 1 2 2 2 14
UDDURDLRLUUUU 3 3 3 2 2 2 0
Points                    [[3, 3, 3], [7, 7, 7], [1, 1, 1], [3, 3, 3]]
Utilities                 [[-10.0, 2.5, -10.0, -10.0], [1.5, 1.5, 0.5, 0.5], [-10, 2, 0, -10], [10, 0, 0, 0]]
w = f(points)             [1.2, 1.2, 1.2, 1.2]
w = f(medals)             [1.0, 1.5, 1.0, 1.5]
w = f(remaining turns)    [1.0, 1.0, 1.0, 1.0]
Resulting Utility         [-3.3000000000000007, 8.1, -11.1, -23.1]
 Decision LEFT
018
100
Standard Error Stream:
.....#....#...#...#....#....#. 4 5 5 0 2 2 0
3289381163 10 7 11 6 11 6 0
DRLU 3 4 4 2 -2 -2 13
DDURDLRLUUUU 3 6 6 0 3 3 0
Points                    [[4, 5, 5], [8, 8, 8], [3, 4, 4], [3, 6, 6]]
Utilities                 [[5.0, -10.0, -10.0, -10.0], [3.0, 3.0, 0.0, 0.0], [5, 3, 0, 4], [0, 0, 10, 0]]
w = f(points)             [1.0, 1.2, 1.0, 1.0]
w = f(medals)             [1.0, 1.5, 1.0, 1.5]
w = f(remaining turns)    [1.0, 1.0, 1.0, 1.0]
Resulting Utility         [15.399999999999999, -1.6000000000000005, 5.0, -6.0]
 Decision UP
019
100
Standard Error Stream:
.....#....#...#...#....#....#. 6 5 5 0 1 1 0
289381163 10 4 11 9 11 9 0
ULRD 6 4 4 4 -1 -1 12
DURDLRLUUUU 3 10 10 0 4 4 0
Points                    [[6, 5, 5], [11, 5, 5], [6, 4, 4], [3, 10, 10]]
Utilities                 [[5.0, 2.5, 5.0, 7.5], [4.0, 4.0, 2.0, 2.0], [0, 2, -10, -10], [0, 0, 10, 0]]
w = f(points)             [1.2, 1.0, 1.0, 1.0]
w = f(medals)             [1.0, 1.5, 1.0, 1.5]
w = f(remaining turns)    [1.0, 1.0, 1.0, 1.0]
Resulting Utility         [12.0, 11.0, 14.0, 2.0]
 Decision DOWN
020
100
Standard Error Stream:
.....#....#...#...#....#....#. 8 5 5 0 0 0 0
89381163 10 6 11 11 11 11 0
LRDU 9 4 4 -2 2 2 11
URDLRLUUUU 4 15 15 1 5 5 0
Points                    [[8, 5, 5], [9, 3, 3], [9, 4, 4], [4, 15, 15]]
Utilities                 [[-10.0, 2.5, -10.0, -10.0], [4.0, 6.0, -2.0, -2.0], [9, 6, 7, 8], [10, 0, 0, 0]]
w = f(points)             [1.0, 1.0, 1.0, 1.0]
w = f(medals)             [1.0, 1.5, 1.0, 1.5]
w = f(remaining turns)    [1.0, 1.0, 1.0, 1.0]
Resulting Utility         [20.0, 17.5, -6.0, -5.0]
 Decision UP
021
100
Standard Error Stream:
.....#....#...#...#....#....#. 10 7 7 2 0 0 0
9381163 10 -2 11 3 11 3 0
LDUR 9 7 7 -1 -2 -2 10
RDLRLUUUU 6 21 21 2 6 6 0
Points                    [[10, 7, 7], [13, 11, 11], [9, 7, 7], [6, 21, 21]]
Utilities                 [[5.0, 2.5, 5.0, 7.5], [-0.5, 8.5, 1.5, -0.5], [6, 5, 7, 8], [0, 0, 0, 10]]
w = f(points)             [1.0, 1.2, 1.0, 1.0]
w = f(medals)             [1.0, 1.5, 1.0, 1.5]
w = f(remaining turns)    [1.0, 1.0, 1.0, 1.0]
Resulting Utility         [10.1, 22.799999999999997, 14.7, 29.6]
 Decision RIGHT
022
100
Standard Error Stream:
.....#....#...#...#....#....#. 10 10 10 1 2 2 0
381163 19 -2 20 3 20 3 0
LRUD 9 7 7 0 -1 -1 9
DLRLUUUU 9 28 28 3 7 7 0
Points                    [[10, 10, 10], [4, 2, 2], [9, 7, 7], [9, 28, 28]]
Utilities                 [[5.0, 2.5, 5.0, 7.5], [-2.0, 1.0, 0.0, -2.0], [5, 4, 7, 6], [0, 0, 10, 0]]
w = f(points)             [1.2, 1.0, 1.0, 1.0]
w = f(medals)             [1.0, 1.5, 1.0, 1.5]
w = f(remaining turns)    [1.0, 1.0, 1.0, 1.0]
Resulting Utility         [8.0, 8.5, 28.0, 12.0]
 Decision DOWN
023
100
Standard Error Stream:
.....#....#...#...#....#....#. 10 10 10 0 1 1 0
81163 19 1 20 6 20 6 0
LUDR 12 7 7 2 2 2 8
LRLUUUU 13 36 36 4 8 8 0
Points                    [[10, 10, 10], [5, -1, -1], [12, 7, 7], [13, 36, 36]]
Utilities                 [[5.0, 2.5, 5.0, 7.5], [-3.0, 4.0, -4.0, -4.0], [4, 2, 3, 5], [0, 10, 0, 0]]
w = f(points)             [1.2, 1.0, 1.0, 1.0]
w = f(medals)             [1.0, 1.5, 1.0, 1.5]
w = f(remaining turns)    [1.0, 1.5, 1.0, 1.0]
Resulting Utility         [3.25, 29.0, 0.0, 5.0]
 Decision LEFT
024
100
Standard Error Stream:
.....#....#...#...#....#....#. 11 10 10 0 0 0 0
1163 11 1 12 6 12 6 0
RULD 13 8 8 1 3 3 7
RLUUUU 18 45 45 5 9 9 0
Points                    [[11, 10, 10], [13, 7, 7], [13, 8, 8], [18, 45, 45]]
Utilities                 [[5.0, 2.5, 5.0, -10.0], [4.5, 4.5, 3.5, 3.5], [5, 4, 6, 3], [0, 0, 0, 10]]
w = f(points)             [1.2, 1.0, 1.0, 1.0]
w = f(medals)             [1.0, 1.5, 1.0, 1.5]
w = f(remaining turns)    [1.0, 1.5, 1.0, 1.0]
Resulting Utility         [21.125, 17.125, 19.875, 13.875]
 Decision UP
025
100
Standard Error Stream:
.....#....#...#...#....#....#. 13 13 13 0 0 0 0
163 11 0 13 6 13 6 0
LRDU 15 9 9 1 4 4 6
LUUUU 18 55 55 0 10 10 0
Points                    [[13, 13, 13], [14, 6, 6], [15, 9, 9], [18, 55, 55]]
Utilities                 [[5.0, -10.0, -10.0, -10.0], [4.0, 5.0, 4.0, 4.0], [6, 3, 4, 5], [0, 10, 0, 0]]
w = f(points)             [1.2, 1.0, 1.0, 1.0]
w = f(medals)             [1.0, 1.5, 1.0, 1.5]
w = f(remaining turns)    [1.0, 1.5, 1.0, 1.5]
Resulting Utility         [21.0, 24.75, 1.0, 2.0]
 Decision LEFT
026
100
Standard Error Stream:
.....#....#...#...#....#....#. 14 14 14 2 2 2 0
63 10 0 12 6 12 6 0
UDLR 16 10 10 0 -2 -2 5
UUUU 19 66 66 1 11 11 0
Points                    [[14, 14, 14], [15, 7, 7], [16, 10, 10], [19, 66, 66]]
Utilities                 [[5.0, 2.5, 5.0, 7.5], [2.0, 8.0, 2.0, 2.0], [4, 5, 6, 7], [10, 0, 0, 0]]
w = f(points)             [1.2, 1.0, 1.0, 1.0]
w = f(medals)             [1.0, 1.5, 1.0, 1.5]
w = f(remaining turns)    [1.0, 1.5, 1.5, 1.5]
Resulting Utility         [39.0, 28.5, 19.5, 24.0]
 Decision UP
027
100
Standard Error Stream:
.....#....#...#...#....#....#. 14 14 14 1 1 1 0
3 10 -6 12 0 12 0 0
RULD 17 10 10 0 -1 -1 4
UUU 21 78 78 2 12 12 0
Points                    [[14, 14, 14], [9, 13, 13], [17, 10, 10], [21, 78, 78]]
Utilities                 [[5.0, 2.5, 5.0, 7.5], [0.5, 3.5, 3.5, 0.5], [6, 5, 7, 4], [10, 0, 0, 0]]
w = f(points)             [1.2, 1.0, 1.0, 1.0]
w = f(medals)             [1.0, 1.5, 1.0, 1.5]
w = f(remaining turns)    [1.0, 1.5, 1.5, 1.5]
Resulting Utility         [38.625, 18.375, 24.375, 16.125]
 Decision UP
028
100
Standard Error Stream:
.....#....#...#...#....#....#. 14 14 14 0 0 0 0
GAME_OVER 10 -9 12 -3 12 -3 0
RDLU 19 10 10 0 2 2 3
UU 24 91 91 3 13 13 0
Points                    [[14, 14, 14], [6, 10, 10], [19, 10, 10], [24, 91, 91]]
Utilities                 [[5.0, 2.5, 5.0, 7.5], [0, 0, 0, 0], [5, 3, 4, 4], [10, 0, 0, 0]]
w = f(points)             [1.2, 1.0, 1.0, 1.0]
w = f(medals)             [1.0, 1.5, 1.0, 1.0]
w = f(remaining turns)    [1.0, 1.0, 1.5, 1.5]
Resulting Utility         [28.5, 7.5, 12.0, 15.0]
 Decision UP
029
100
Standard Error Stream:
.....#....#...#...#....#....#. 16 16 16 0 0 0 0
2231222117992 8 5 8 5 8 5 0
DLUR 22 13 13 2 -2 -2 2
U 28 105 105 4 14 14 0
Points                    [[16, 16, 16], [12, 12, 12], [22, 13, 13], [28, 105, 105]]
Utilities                 [[-10.0, 2.5, -10.0, -10.0], [4.5, 4.5, 2.5, 2.5], [3, 4, 2, 5], [10, 0, 0, 0]]
w = f(points)             [1.2, 1.2, 1.0, 1.0]
w = f(medals)             [1.0, 1.5, 1.0, 1.0]
w = f(remaining turns)    [1.0, 1.0, 1.5, 1.5]
Resulting Utility         [15.6, 17.1, -4.5, 0.0]
 Decision LEFT
030
100
Standard Error Stream:
.....#....#...#...#....#....#. 17 18 18 0 2 2 0
231222117992 6 5 8 3 8 3 0
DRLU 24 13 13 2 -1 -1 1
GAME_OVER 28 120 120 0 15 15 0
Points                    [[17, 18, 18], [14, 14, 14], [24, 13, 13], [28, 120, 120]]
Utilities                 [[5.0, -10.0, -10.0, -10.0], [5.5, 5.5, 3.5, 3.5], [5, 3, 2, 4], [0, 0, 0, 0]]
w = f(points)             [1.2, 1.2, 1.0, 1.0]
w = f(medals)             [1.0, 1.5, 1.0, 1.5]
w = f(remaining turns)    [1.0, 1.0, 1.5, 1.0]
Resulting Utility         [23.4, 2.3999999999999986, -2.6999999999999993, 0.3000000000000007]
 Decision UP
031
100
Standard Error Stream:
.....#....#...#...#....#....#. 19 18 18 0 1 1 0
31222117992 6 3 6 3 6 3 0
GAME_OVER 27 13 13 4 2 2 0
LLURLDDURDRUDD 0 0 0 0 0 0 0
Points                    [[19, 18, 18], [16, 16, 16], [27, 13, 13], [0, 0, 0]]
Utilities                 [[5.0, 2.5, 5.0, 7.5], [7.0, 7.0, 4.0, 4.0], [0, 0, 0, 0], [0, 10, 0, 0]]
w = f(points)             [1.2, 1.2, 1.0, 1.2]
w = f(medals)             [1.0, 1.5, 1.0, 1.5]
w = f(remaining turns)    [1.5, 1.0, 1.5, 1.0]
Resulting Utility         [21.6, 35.1, 16.2, 20.7]
 Decision LEFT
032
100
Standard Error Stream:
.....#....#...#...#....#....#. 20 18 18 0 0 0 0
1222117992 3 3 3 3 3 3 0
UDRL 0 0 0 0 0 0 15
LURLDDURDRUDD 1 1 1 1 1 1 0
Points                    [[20, 18, 18], [19, 19, 19], [0, 0, 0], [1, 1, 1]]
Utilities                 [[5.0, 2.5, 5.0, -10.0], [7.5, 7.5, 6.5, 6.5], [2, 5, 4, 3], [0, 10, 0, 0]]
w = f(points)             [1.2, 1.2, 1.2, 1.2]
w = f(medals)             [1.0, 1.5, 1.0, 1.5]
w = f(remaining turns)    [1.5, 1.0, 1.0, 1.0]
Resulting Utility         [24.9, 42.0, 25.5, -2.700000000000001]
 Decision LEFT
033
100
Standard Error Stream:
.....#....#...#...#....#....#. 21 19 19 0 0 0 0
222117992 2 3 2 3 2 3 0
DRLU 3 3 3 4 4 4 14
URLDDURDRUDD 3 3 3 2 2 2 0
Points                    [[21, 19, 19], [20, 20, 20], [3, 3, 3], [3, 3, 3]]
Utilities                 [[-10.0, 2.5, -10.0, -10.0], [8.5, 8.5, 6.5, 6.5], [-10, -10, -10, -10], [10, 0, 0, 0]]
w = f(points)             [1.2, 1.2, 1.2, 1.2]
w = f(medals)             [1.0, 1.5, 1.0, 1.5]
w = f(remaining turns)    [1.5, 1.0, 1.0, 1.0]
Resulting Utility         [3.299999999999999, 7.799999999999997, -18.3, -18.3]
 Decision LEFT
034
100
Standard Error Stream:
.....#....#...#...#....#....#. 22 21 21 0 0 0 0
22117992 0 3 2 1 2 1 0
LRUD 5 6 6 -2 -2 -2 13
RLDDURDRUDD 3 6 6 0 3 3 0
Points                    [[22, 21, 21], [22, 22, 22], [5, 6, 6], [3, 6, 6]]
Utilities                 [[5.0, -10.0, -10.0, -10.0], [9.5, 7.5, 7.5, 7.5], [7, 4, 9, 8], [0, 0, 0, 10]]
w = f(points)             [1.2, 1.2, 1.0, 1.0]
w = f(medals)             [1.0, 1.5, 1.0, 1.5]
w = f(remaining turns)    [1.5, 1.0, 1.0, 1.0]
Resulting Utility         [33.1, -0.5, 4.5, 18.5]
 Decision UP
035
100
Standard Error Stream:
.....#....#...#...#....#....#. 24 23 23 0 2 2 0
2117992 0 1 4 1 4 1 0
DULR 5 6 6 -1 -1 -1 12
LDDURDRUDD 3 10 10 0 4 4 0
Points                    [[24, 23, 23], [24, 20, 20], [5, 6, 6], [3, 10, 10]]
Utilities                 [[5.0, 2.5, 5.0, 7.5], [9.5, 8.5, 8.5, 8.5], [7, 6, 3, 8], [0, 10, 0, 0]]
w = f(points)             [1.2, 1.2, 1.0, 1.0]
w = f(medals)             [1.0, 1.5, 1.0, 1.5]
w = f(remaining turns)    [1.5, 1.0, 1.0, 1.0]
Resulting Utility         [33.1, 40.8, 27.299999999999997, 36.8]
 Decision LEFT
036
100
Standard Error Stream:
.....#....#...#...#....#....#. 25 23 23 0 1 1 0
117992 -2 1 2 1 2 1 0
RUDL 5 6 6 0 2 2 11
DDURDRUDD 4 15 15 1 5 5 0
Points                    [[25, 23, 23], [22, 22, 22], [5, 6, 6], [4, 15, 15]]
Utilities                 [[5.0, 2.5, 5.0, -10.0], [9.0, 8.0, 8.0, 9.0], [4, 5, 3, 4], [0, 0, 10, 0]]
w = f(points)             [1.2, 1.2, 1.0, 1.0]
w = f(medals)             [1.0, 1.5, 1.0, 1.5]
w = f(remaining turns)    [1.5, 1.0, 1.0, 1.0]
Resulting Utility         [29.2, 23.9, 41.4, 2.1999999999999993]
 Decision DOWN
037
100
Standard Error Stream:
.....#....#...#...#....#....#. 27 23 23 0 0 0 0
17992 -2 2 2 2 2 2 0
URDL 7 8 8 1 -2 -2 10
DURDRUDD 6 21 21 2 6 6 0
Points                    [[27, 23, 23], [21, 21, 21], [7, 8, 8], [6, 21, 21]]
Utilities                 [[5.0, -10.0, -10.0, -10.0], [8.5, 7.5, 7.5, 8.5], [1, 6, 4, 5], [0, 0, 10, 0]]
w = f(points)             [1.2, 1.2, 1.2, 1.0]
w = f(medals)             [1.0, 1.5, 1.0, 1.5]
w = f(remaining turns)    [1.5, 1.5, 1.0, 1.0]
Resulting Utility         [33.15, 9.45, 22.05, 10.95]
 Decision UP
038
100
Standard Error Stream:
GAME_OVER 29 25 25 0 0 0 0
7992 -2 1 2 3 2 3 0
RLDU 8 8 8 2 -1 -1 9
URDRUDD 6 28 28 0 7 7 0
Points                    [[29, 25, 25], [22, 20, 20], [8, 8, 8], [6, 28, 28]]
Utilities                 [[0, 0, 0, 0], [6.0, 5.0, 5.0, 7.0], [5, 4, 3, 2], [10, 0, 0, 0]]
w = f(points)             [1.2, 1.2, 1.2, 1.0]
w = f(medals)             [1.0, 1.5, 1.0, 1.5]
w = f(remaining turns)    [1.5, 1.5, 1.0, 1.0]
Resulting Utility         [37.2, 18.3, 17.1, 21.3]
 Decision UP
039
100
Standard Error Stream:
....#...#...#...#....#....#... 0 0 0 0 0 0 0
992 -2 -6 2 -4 2 -4 0
LDRU 11 8 8 4 2 2 8
RDRUDD 7 36 36 1 8 8 0
Points                    [[0, 0, 0], [17, 19, 19], [11, 8, 8], [7, 36, 36]]
Utilities                 [[5.0, 2.5, 5.0, 7.5], [1.5, 1.5, 7.5, 3.5], [-10, 0, 2, -10], [0, 0, 0, 10]]
w = f(points)             [1.2, 1.2, 1.0, 1.0]
w = f(medals)             [1.0, 1.5, 1.0, 1.5]
w = f(remaining turns)    [1.0, 1.5, 1.0, 1.0]
Resulting Utility         [0.05000000000000071, 7.05, 28.25, 23.450000000000003]
 Decision DOWN
040
100
Standard Error Stream:
....#...#...#...#....#....#... 2 3 3 0 0 0 0
92 -2 3 11 -4 11 -4 0
RLDU 13 10 10 4 -2 -2 7
DRUDD 7 45 45 0 9 9 0
Points                    [[2, 3, 3], [20, 10, 10], [13, 10, 10], [7, 45, 45]]
Utilities                 [[-10.0, 2.5, -10.0, -10.0], [6.0, 3.0, 3.0, 5.0], [-10, 2, -10, 0], [0, 0, 10, 0]]
w = f(points)             [1.0, 1.0, 1.0, 1.0]
w = f(medals)             [1.0, 1.5, 1.0, 1.5]
w = f(remaining turns)    [1.0, 1.5, 1.0, 1.5]
Resulting Utility         [-6.5, 11.25, 9.25, 1.25]
 Decision LEFT
041
100
Standard Error Stream:
....#...#...#...#....#....#... 3 4 4 0 2 2 0
2 -11 3 11 5 11 5 0
DRUL 15 10 10 4 -1 -1 6
RUDD 7 55 55 0 10 10 0
Points                    [[3, 4, 4], [11, 9, 9], [15, 10, 10], [7, 55, 55]]
Utilities                 [[5.0, -10.0, -10.0, -10.0], [4.0, 2.0, 2.0, 4.0], [-10, -10, 0, 2], [0, 0, 0, 10]]
w = f(points)             [1.0, 1.2, 1.0, 1.0]
w = f(medals)             [1.0, 1.5, 1.0, 1.5]
w = f(remaining turns)    [1.0, 1.5, 1.0, 1.5]
Resulting Utility         [5.799999999999999, -14.600000000000001, -4.6000000000000005, 25.299999999999997]
 Decision RIGHT
042
100
Standard Error Stream:
....#...#...#...#....#....#... 4 4 4 2 1 1 0
GAME_OVER -9 3 13 5 13 5 0
LDUR 17 10 10 4 2 2 5
UDD 8 66 66 1 11 11 0
Points                    [[4, 4, 4], [13, 7, 7], [17, 10, 10], [8, 66, 66]]
Utilities                 [[5.0, 2.5, 5.0, 7.5], [0, 0, 0, 0], [-10, 0, 2, -10], [10, 0, 0, 0]]
w = f(points)             [1.2, 1.0, 1.0, 1.0]
w = f(medals)             [1.0, 1.5, 1.0, 1.5]
w = f(remaining turns)    [1.0, 1.0, 1.5, 1.5]
Resulting Utility         [13.5, 3.0, 9.0, -6.0]
 Decision UP
043
100
Standard Error Stream:
....#...#...#...#....#....#... 4 4 4 1 0 0 0
391553323323 9 -8 9 -8 9 -8 0
RLDU 19 12 12 -2 -2 -2 4
DD 10 78 78 2 12 12 0
Points                    [[4, 4, 4], [8, 8, 8], [19, 12, 12], [10, 78, 78]]
Utilities                 [[5.0, 2.5, 5.0, 7.5], [0.0, 3.0, 3.0, 0.0], [9, 8, 7, 6], [0, 0, 10, 0]]
w = f(points)             [1.2, 1.2, 1.0, 1.0]
w = f(medals)             [1.0, 1.5, 1.0, 1.5]
w = f(remaining turns)    [1.0, 1.0, 1.5, 1.5]
Resulting Utility         [19.5, 20.4, 44.4, 18.0]
 Decision DOWN
044
100
Standard Error Stream:
....#...#...#...#....#....#... 4 6 6 0 0 0 0
91553323323 9 -5 9 -5 9 -5 0
LDUR 19 12 12 -1 -1 -1 3
D 13 91 91 3 13 13 0
Points                    [[4, 6, 6], [11, 11, 11], [19, 12, 12], [13, 91, 91]]
Utilities                 [[5.0, 2.5, 5.0, 7.5], [-1.5, 7.5, 3.5, -1.5], [6, 5, 7, 8], [0, 0, 10, 0]]
w = f(points)             [1.0, 1.2, 1.0, 1.0]
w = f(medals)             [1.0, 1.5, 1.0, 1.5]
w = f(remaining turns)    [1.0, 1.0, 1.5, 1.5]
Resulting Utility         [11.3, 23.5, 44.3, 16.8]
 Decision DOWN
045
100
Standard Error Stream:
....#...#...#...#....#....#... 6 8 8 0 2 2 0
1553323323 9 4 9 4 9 4 0
ULDR 19 12 12 0 2 2 2
GAME_OVER 17 105 105 4 14 14 0
Points                    [[6, 8, 8], [12, 12, 12], [19, 12, 12], [17, 105, 105]]
Utilities                 [[-10.0, 2.5, -10.0, -10.0], [4.0, 4.0, 3.0, 3.0], [4, 6, 5, 7], [0, 0, 0, 0]]
w = f(points)             [1.0, 1.2, 1.0, 1.0]
w = f(medals)             [1.0, 1.0, 1.0, 1.5]
w = f(remaining turns)    [1.0, 1.0, 1.5, 1.0]
Resulting Utility         [0.7999999999999998, 16.3, 1.0999999999999996, 4.1]
 Decision LEFT
046
100
Standard Error Stream:
....#...#...#...#....#....#... 7 8 8 0 1 1 0
553323323 8 4 8 4 8 4 0
RLDU 21 14 14 0 4 4 1
DLLRRDDLUDRRDRR 0 0 0 0 0 0 0
Points                    [[7, 8, 8], [13, 13, 13], [21, 14, 14], [0, 0, 0]]
Utilities                 [[5.0, -10.0, -10.0, -10.0], [5.5, 6.5, 1.5, 1.5], [7, 6, 5, 4], [0, 0, 10, 0]]
w = f(points)             [1.2, 1.2, 1.0, 1.2]
w = f(medals)             [1.0, 1.0, 1.0, 1.5]
w = f(remaining turns)    [1.0, 1.0, 1.5, 1.0]
Resulting Utility         [23.1, 4.8, 15.3, -4.199999999999999]
 Decision UP
047
100
Standard Error Stream:
....#...#...#...#....#....#... 9 8 8 0 0 0 0
53323323 8 -1 8 -1 8 -1 0
GAME_OVER 24 17 17 2 -2 -2 0
LLRRDDLUDRRDRR 0 0 0 0 0 0 0
Points                    [[9, 8, 8], [16, 16, 16], [24, 17, 17], [0, 0, 0]]
Utilities                 [[5.0, 2.5, 5.0, -10.0], [3.0, 8.0, 4.0, 3.0], [0, 0, 0, 0], [0, 10, 0, 0]]
w = f(points)             [1.2, 1.2, 1.0, 1.2]
w = f(medals)             [1.0, 1.0, 1.0, 1.5]
w = f(remaining turns)    [1.0, 1.0, 1.5, 1.0]
Resulting Utility         [9.6, 30.6, 10.8, -8.4]
 Decision LEFT
048
100
Standard Error Stream:
....#...#...#...#....#....#... 10 9 9 0 0 0 0
3323323 3 -1 3 -1 3 -1 0
RULD 0 0 0 0 0 0 15
LRRDDLUDRRDRR 1 1 1 1 1 1 0
Points                    [[10, 9, 9], [21, 21, 21], [0, 0, 0], [1, 1, 1]]
Utilities                 [[-10.0, 2.5, -10.0, -10.0], [6.5, 9.5, 7.5, 6.5], [4, 3, 5, 2], [0, 10, 0, 0]]
w = f(points)             [1.2, 1.2, 1.2, 1.2]
w = f(medals)             [1.0, 1.0, 1.0, 1.5]
w = f(remaining turns)    [1.0, 1.0, 1.0, 1.0]
Resulting Utility         [0.5999999999999996, 36.0, 3.0, -1.8000000000000003]
 Decision LEFT
049
100
Standard Error Stream:
....#...#...#...#....#....#... 11 11 11 0 0 0 0
323323 0 -1 3 2 3 2 0
RULD 2 3 3 1 4 4 14
RRDDLUDRRDRR 3 1 1 2 0 0 0
Points                    [[11, 11, 11], [24, 20, 20], [2, 3, 3], [3, 1, 1]]
Utilities                 [[5.0, -10.0, -10.0, -10.0], [8.0, 8.0, 9.0, 8.0], [3, 2, -10, 3], [0, 0, 0, 10]]
w = f(points)             [1.2, 1.2, 1.0, 1.0]
w = f(medals)             [1.0, 1.0, 1.0, 1.5]
w = f(remaining turns)    [1.0, 1.0, 1.0, 1.0]
Resulting Utility         [18.6, -0.40000000000000036, -11.200000000000001, 15.6]
 Decision UP
050
100
Standard Error Stream:
....#...#...#...#....#....#... 13 13 13 0 0 0 0
23323 0 -4 3 -1 3 -1 0
URLD 4 5 5 1 -2 -2 13
RDDLUDRRDRR 3 1 1 0 0 0 0
Points                    [[13, 13, 13], [21, 21, 21], [4, 5, 5], [3, 1, 1]]
Utilities                 [[5.0, 2.5, 5.0, -10.0], [7.0, 7.0, 9.0, 7.0], [1, 4, 6, 5], [0, 0, 0, 10]]
w = f(points)             [1.2, 1.2, 1.0, 1.0]
w = f(medals)             [1.0, 1.0, 1.0, 1.5]
w = f(remaining turns)    [1.0, 1.5, 1.0, 1.0]
Resulting Utility         [19.6, 19.6, 28.2, 20.6]
 Decision DOWN
051
100
Standard Error Stream:
....#...#...#...#....#....#... 15 15 15 0 0 0 0
3323 0 -2 3 1 3 1 0
UDLR 7 5 5 3 -1 -1 12
DDLUDRRDRR 3 1 1 0 0 0 0
Points                    [[15, 15, 15], [23, 21, 21], [7, 5, 5], [3, 1, 1]]
Utilities                 [[5.0, -10.0, -10.0, -10.0], [7.5, 7.5, 9.5, 7.5], [1, 2, 3, -10], [0, 0, 10, 0]]
w = f(points)             [1.2, 1.2, 1.0, 1.0]
w = f(medals)             [1.0, 1.0, 1.0, 1.5]
w = f(remaining turns)    [1.0, 1.5, 1.0, 1.0]
Resulting Utility         [20.5, 3.5, 23.1, -8.5]
 Decision DOWN
052
100
Standard Error Stream:
....#...#...#...#....#....#... 16 17 17 2 0 0 0
323 0 1 3 -2 3 -2 0
URDL 9 5 5 3 2 2 11
DLUDRRDRR 4 1 1 1 0 0 0
Points                    [[16, 17, 17], [24, 20, 20], [9, 5, 5], [4, 1, 1]]
Utilities                 [[5.0, 2.5, 5.0, 7.5], [9.0, 8.0, 8.0, 8.0], [1, -10, 2, 3], [0, 0, 10, 0]]
w = f(points)             [1.2, 1.2, 1.0, 1.0]
w = f(medals)             [1.0, 1.0, 1.0, 1.5]
w = f(remaining turns)    [1.0, 1.5, 1.0, 1.0]
Resulting Utility         [23.2, 7.399999999999999, 37.4, 26.4]
 Decision DOWN
053
100
Standard Error Stream:
....#...#...#...#....#....#... 16 19 19 1 0 0 0
23 0 4 3 1 3 1 0
LRUD 11 7 7 4 -2 -2 10
LUDRRDRR 6 2 2 2 1 1 0
Points                    [[16, 19, 19], [21, 21, 21], [11, 7, 7], [6, 2, 2]]
Utilities                 [[5.0, 2.5, 5.0, 7.5], [9.0, 7.0, 7.0, 7.0], [-10, 0, -10, 2], [0, 10, 0, 0]]
w = f(points)             [1.2, 1.2, 1.0, 1.0]
w = f(medals)             [1.0, 1.0, 1.0, 1.5]
w = f(remaining turns)    [1.5, 1.5, 1.0, 1.0]
Resulting Utility         [15.2, 32.1, 11.600000000000001, 28.1]
 Decision LEFT
054
100
Standard Error Stream:
....#...#...#...#....#....#... 16 20 20 0 0 0 0
3 -2 4 1 1 1 1 0
RUDL 12 7 7 3 -1 -1 9
UDRRDRR 9 4 4 3 2 2 0
Points                    [[16, 20, 20], [19, 23, 23], [12, 7, 7], [9, 4, 4]]
Utilities                 [[5.0, 2.5, 5.0, 7.5], [8.5, 5.5, 5.5, 7.5], [3, -10, 2, 1], [10, 0, 0, 0]]
w = f(points)             [1.0, 1.0, 1.0, 1.0]
w = f(medals)             [1.0, 1.0, 1.0, 1.5]
w = f(remaining turns)    [1.5, 1.5, 1.0, 1.0]
Resulting Utility         [38.25, 2.0, 17.75, 23.5]
 Decision UP
055
100
Standard Error Stream:
....#...#...#...#....#....#... 18 22 22 0 0 0 0
GAME_OVER -2 1 1 -2 1 -2 0
LRUD 14 7 7 3 2 2 8
DRRDRR 13 7 7 4 3 3 0
Points                    [[18, 22, 22], [22, 22, 22], [14, 7, 7], [13, 7, 7]]
Utilities                 [[5.0, 2.5, 5.0, -10.0], [0, 0, 0, 0], [2, 1, -10, 3], [0, 0, 10, 0]]
w = f(points)             [1.0, 1.2, 1.0, 1.0]
w = f(medals)             [1.0, 1.0, 1.0, 1.5]
w = f(remaining turns)    [1.5, 1.0, 1.0, 1.0]
Resulting Utility         [9.5, 4.75, 12.5, -12.0]
 Decision DOWN
056
100
Standard Error Stream:
....#...#...#...#....#....#... 20 24 24 0 0 0 0
3313121384335 8 -6 8 -6 8 -6 0
DULR 17 10 10 -2 -2 -2 7
RRDRR 18 11 11 5 4 4 0
Points                    [[20, 24, 24], [11, 11, 11], [17, 10, 10], [18, 11, 11]]
Utilities                 [[5.0, -10.0, -10.0, -10.0], [1.5, 4.5, 4.5, 1.5], [8, 7, 6, 9], [0, 0, 0, 10]]
w = f(points)             [1.0, 1.2, 1.0, 1.0]
w = f(medals)             [1.0, 1.0, 1.0, 1.5]
w = f(remaining turns)    [1.5, 1.0, 1.0, 1.5]
Resulting Utility         [17.3, -2.6000000000000014, -3.6000000000000014, 18.3]
 Decision RIGHT
057
100
Standard Error Stream:
....#...#...#...#....#....#... 21 26 26 2 2 2 0
313121384335 11 -6 11 -6 11 -6 0
ULDR 17 10 10 -1 -1 -1 6
RDRR 24 16 16 6 5 5 0
Points                    [[21, 26, 26], [8, 8, 8], [17, 10, 10], [24, 16, 16]]
Utilities                 [[5.0, 2.5, 5.0, 7.5], [0.0, 3.0, 3.0, 0.0], [5, 7, 6, 8], [0, 0, 0, 10]]
w = f(points)             [1.0, 1.2, 1.0, 1.0]
w = f(medals)             [1.0, 1.0, 1.0, 1.5]
w = f(remaining turns)    [1.5, 1.0, 1.0, 1.5]
Resulting Utility         [12.5, 14.35, 17.1, 41.75]
 Decision RIGHT
058
100
Standard Error Stream:
....#...#...#...#....#....#... 21 26 26 1 1 1 0
13121384335 14 -6 14 -6 14 -6 0
RDUL 17 10 10 0 2 2 5
DRR 31 22 22 7 6 6 0
Points                    [[21, 26, 26], [5, 5, 5], [17, 10, 10], [31, 22, 22]]
Utilities                 [[5.0, 2.5, 5.0, 7.5], [-0.5, 0.5, 0.5, -0.5], [5, 7, 6, 4], [0, 0, 10, 0]]
w = f(points)             [1.0, 1.2, 1.0, 1.0]
w = f(medals)             [1.0, 1.0, 1.0, 1.5]
w = f(remaining turns)    [1.5, 1.0, 1.5, 1.5]
Resulting Utility         [14.4, 14.85, 39.6, 16.65]
 Decision DOWN
059
100
Standard Error Stream:
....#...#...#...#....#....#... 21 26 26 0 0 0 0
3121384335 14 -5 14 -5 14 -5 0
UDLR 19 12 12 0 4 4 4
RR 39 29 29 8 7 7 0
Points                    [[21, 26, 26], [6, 6, 6], [19, 12, 12], [39, 29, 29]]
Utilities                 [[5.0, 2.5, 5.0, 7.5], [-1.0, 2.0, 2.0, -1.0], [4, 5, 6, 7], [0, 0, 0, 10]]
w = f(points)             [1.0, 1.2, 1.0, 1.0]
w = f(medals)             [1.0, 1.0, 1.0, 1.5]
w = f(remaining turns)    [1.5, 1.0, 1.5, 1.5]
Resulting Utility         [12.3, 13.65, 18.9, 43.05]
 Decision RIGHT
060
100
Standard Error Stream:
GAME_OVER 24 29 29 0 0 0 0
121384335 17 -5 17 -5 17 -5 0
URDL 22 15 15 2 -2 -2 3
R 48 37 37 9 8 8 0
Points                    [[24, 29, 29], [3, 3, 3], [22, 15, 15], [48, 37, 37]]
Utilities                 [[0, 0, 0, 0], [-1.5, -0.5, -0.5, -1.5], [2, 5, 3, 4], [0, 0, 0, 10]]
w = f(points)             [1.0, 1.2, 1.0, 1.0]
w = f(medals)             [1.0, 1.0, 1.0, 1.5]
w = f(remaining turns)    [1.5, 1.0, 1.5, 1.5]
Resulting Utility         [1.2000000000000002, 6.9, 3.9, 26.7]
 Decision RIGHT
061
100
Standard Error Stream:
.....#...#....#...#....#...#.. 0 0 0 0 0 0 0
21384335 18 -5 18 -5 18 -5 0
RUDL 24 15 15 2 -1 -1 2
GAME_OVER 58 46 46 10 9 9 0
Points                    [[0, 0, 0], [2, 2, 2], [24, 15, 15], [58, 46, 46]]
Utilities                 [[5.0, 2.5, 5.0, 7.5], [-2.5, -0.5, -0.5, -2.5], [4, 5, 3, 2], [0, 0, 0, 0]]
w = f(points)             [1.2, 1.2, 1.0, 1.0]
w = f(medals)             [1.0, 1.0, 1.0, 1.5]
w = f(remaining turns)    [1.0, 1.0, 1.5, 1.0]
Resulting Utility         [9.0, 9.9, 9.9, 9.0]
 Decision LEFT
062
100
Standard Error Stream:
.....#...#....#...#....#...#.. 1 2 2 0 0 0 0
1384335 16 -5 18 -3 18 -3 0
DRUL 27 15 15 4 2 2 1
RRRRDUDULRLDUD 0 0 0 0 0 0 0
Points                    [[1, 2, 2], [4, 4, 4], [27, 15, 15], [0, 0, 0]]
Utilities                 [[5.0, 2.5, 5.0, 7.5], [-1.0, 0.0, 0.0, -1.0], [-10, -10, -10, 2], [0, 0, 0, 10]]
w = f(points)             [1.0, 1.2, 1.0, 1.2]
w = f(medals)             [1.0, 1.0, 1.0, 1.5]
w = f(remaining turns)    [1.0, 1.0, 1.5, 1.0]
Resulting Utility         [-11.2, -12.5, -10.0, 27.3]
 Decision RIGHT
063
100
Standard Error Stream:
.....#...#....#...#....#...#.. 4 5 5 0 2 2 0
384335 17 -5 19 -3 19 -3 0
GAME_OVER 29 17 17 4 4 4 0
RRRDUDULRLDUD 1 1 1 1 1 1 0
Points                    [[4, 5, 5], [3, 3, 3], [29, 17, 17], [1, 1, 1]]
Utilities                 [[5.0, -10.0, -10.0, -10.0], [-2.5, 0.5, 0.5, -2.5], [0, 0, 0, 0], [0, 0, 0, 10]]
w = f(points)             [1.0, 1.2, 1.0, 1.2]
w = f(medals)             [1.0, 1.0, 1.0, 1.5]
w = f(remaining turns)    [1.0, 1.0, 1.5, 1.0]
Resulting Utility         [2.0, -9.4, -9.4, 5.0]
 Decision RIGHT
064
100
Standard Error Stream:
.....#...#....#...#....#...#.. 5 5 5 2 1 1 0
84335 20 -5 16 -3 16 -3 0
LDRU 0 0 0 0 0 0 15
RRDUDULRLDUD 3 1 1 2 0 0 0
Points                    [[5, 5, 5], [0, 6, 6], [0, 0, 0], [3, 1, 1]]
Utilities                 [[5.0, 2.5, 5.0, 7.5], [-6.5, 1.5, -1.5, -6.5], [5, 2, 4, 3], [0, 0, 0, 10]]
w = f(points)             [1.2, 1.2, 1.2, 1.0]
w = f(medals)             [1.0, 1.0, 1.0, 1.5]
w = f(remaining turns)    [1.0, 1.5, 1.0, 1.0]
Resulting Utility         [0.3000000000000007, 8.1, 8.1, 15.9]
 Decision RIGHT
065
100
Standard Error Stream:
.....#...#....#...#....#...#.. 5 5 5 1 0 0 0
4335 20 -5 8 -3 8 -3 0
LRUD 2 1 1 1 2 2 14
RDUDULRLDUD 6 1 1 3 0 0 0
Points                    [[5, 5, 5], [0, 14, 14], [2, 1, 1], [6, 1, 1]]
Utilities                 [[5.0, 2.5, 5.0, 7.5], [-4.5, -0.5, -0.5, -4.5], [2, 1, 6, 3], [0, 0, 0, 10]]
w = f(points)             [1.2, 1.2, 1.0, 1.0]
w = f(medals)             [1.0, 1.0, 1.0, 1.5]
w = f(remaining turns)    [1.0, 1.5, 1.0, 1.0]
Resulting Utility         [-0.09999999999999964, 3.1, 11.1, 18.9]
 Decision RIGHT
066
100
Standard Error Stream:
.....#...#....#...#....#...#.. 5 6 6 0 0 0 0
335 20 -5 4 -3 4 -3 0
RLUD 4 2 2 1 3 3 13
DUDULRLDUD 10 1 1 4 0 0 0
Points                    [[5, 6, 6], [0, 18, 18], [4, 2, 2], [10, 1, 1]]
Utilities                 [[5.0, 2.5, 5.0, 7.5], [-4.0, -1.0, -1.0, -4.0], [4, 5, 6, 1], [0, 0, 10, 0]]
w = f(points)             [1.0, 1.2, 1.0, 1.0]
w = f(medals)             [1.0, 1.0, 1.0, 1.5]
w = f(remaining turns)    [1.0, 1.5, 1.0, 1.0]
Resulting Utility         [1.8000000000000007, 5.7, 24.2, 1.3000000000000007]
 Decision DOWN
067
100
Standard Error Stream:
.....#...#....#...#....#...#.. 7 8 8 0 0 0 0
35 20 -2 4 0 4 0 0
DRLU 7 5 5 3 -2 -2 12
UDULRLDUD 15 2 2 5 1 1 0
Points                    [[7, 8, 8], [3, 21, 21], [7, 5, 5], [15, 2, 2]]
Utilities                 [[-10.0, 2.5, -10.0, -10.0], [-2.5, 0.5, -0.5, -2.5], [-10, 2, 1, 3], [10, 0, 0, 0]]
w = f(points)             [1.2, 1.0, 1.0, 1.0]
w = f(medals)             [1.0, 1.0, 1.0, 1.5]
w = f(remaining turns)    [1.0, 1.5, 1.0, 1.0]
Resulting Utility         [-10.75, 5.75, -11.75, -12.75]
 Decision LEFT
068
100
Standard Error Stream:
.....#...#....#...#....#...#.. 8 10 10 0 0 0 0
5 17 -2 4 -3 4 -3 0
UDLR 9 5 5 4 -1 -1 11
DULRLDUD 15 4 4 0 2 2 0
Points                    [[8, 10, 10], [6, 18, 18], [9, 5, 5], [15, 4, 4]]
Utilities                 [[5.0, -10.0, -10.0, -10.0], [-2.0, 3.0, 0.0, -2.0], [0, -10, 2, -10], [0, 0, 10, 0]]
w = f(points)             [1.0, 1.0, 1.0, 1.0]
w = f(medals)             [1.0, 1.0, 1.0, 1.5]
w = f(remaining turns)    [1.0, 1.5, 1.0, 1.0]
Resulting Utility         [2.0, -15.5, 7.0, -23.0]
 Decision DOWN
069
100
Standard Error Stream:
.....#...#....#...#....#...#.. 9 12 12 2 0 0 0
GAME_OVER 17 3 4 2 4 2 0
DLUR 11 5 5 4 2 2 10
ULRLDUD 16 7 7 1 3 3 0
Points                    [[9, 12, 12], [5, 19, 19], [11, 5, 5], [16, 7, 7]]
Utilities                 [[5.0, 2.5, 5.0, 7.5], [0, 0, 0, 0], [-10, 2, 0, -10], [10, 0, 0, 0]]
w = f(points)             [1.0, 1.0, 1.0, 1.0]
w = f(medals)             [1.0, 1.5, 1.0, 1.5]
w = f(remaining turns)    [1.0, 1.0, 1.0, 1.0]
Resulting Utility         [10.0, 4.5, 5.0, -2.5]
 Decision UP
070
100
Standard Error Stream:
.....#...#....#...#....#...#.. 9 14 14 1 2 2 0
222112311333 -7 8 -7 8 -7 8 0
LDRU 13 7 7 -2 -2 -2 9
LRLDUD 18 11 11 2 4 4 0
Points                    [[9, 14, 14], [10, 10, 10], [13, 7, 7], [18, 11, 11]]
Utilities                 [[5.0, 2.5, 5.0, 7.5], [3.5, 1.5, 1.5, 3.5], [9, 6, 8, 7], [0, 10, 0, 0]]
w = f(points)             [1.0, 1.2, 1.0, 1.0]
w = f(medals)             [1.0, 1.5, 1.0, 1.5]
w = f(remaining turns)    [1.0, 1.0, 1.0, 1.0]
Resulting Utility         [20.3, 26.2, 15.7, 20.8]
 Decision LEFT
071
100
Standard Error Stream:
.....#...#....#...#....#...#.. 9 14 14 0 1 1 0
22112311333 -9 8 -9 8 -9 8 0
ULRD 13 7 7 -1 -1 -1 8
RLDUD 21 16 16 3 5 5 0
Points                    [[9, 14, 14], [8, 8, 8], [13, 7, 7], [21, 16, 16]]
Utilities                 [[5.0, 2.5, 5.0, 7.5], [2.5, 0.5, 0.5, 2.5], [5, 7, 8, 6], [0, 0, 0, 10]]
w = f(points)             [1.0, 1.2, 1.0, 1.0]
w = f(medals)             [1.0, 1.5, 1.0, 1.5]
w = f(remaining turns)    [1.0, 1.0, 1.0, 1.5]
Resulting Utility         [14.5, 10.4, 13.9, 40.5]
 Decision RIGHT
072
100
Standard Error Stream:
.....#...#....#...#....#...#.. 12 14 14 0 0 0 0
2112311333 -7 8 -7 8 -7 8 0
DULR 13 7 7 0 2 2 7
LDUD 25 22 22 4 6 6 0
Points                    [[12, 14, 14], [10, 10, 10], [13, 7, 7], [25, 22, 22]]
Utilities                 [[-10.0, 2.5, -10.0, -10.0], [3.5, 1.5, 1.5, 3.5], [6, 5, 4, 7], [0, 10, 0, 0]]
w = f(points)             [1.2, 1.2, 1.0, 1.2]
w = f(medals)             [1.0, 1.5, 1.0, 1.5]
w = f(remaining turns)    [1.0, 1.0, 1.0, 1.5]
Resulting Utility         [0.3000000000000007, 37.7, -5.300000000000001, 1.3000000000000007]
 Decision LEFT
073
100
Standard Error Stream:
.....#...#....#...#....#...#.. 13 15 15 0 0 0 0
112311333 -9 8 -9 8 -9 8 0
DRUL 15 9 9 1 -2 -2 6
DUD 30 29 29 5 7 7 0
Points                    [[13, 15, 15], [8, 8, 8], [15, 9, 9], [30, 29, 29]]
Utilities                 [[5.0, -10.0, -10.0, -10.0], [2.0, 1.0, 1.0, 2.0], [4, 6, 3, 5], [0, 0, 10, 0]]
w = f(points)             [1.2, 1.2, 1.0, 1.2]
w = f(medals)             [1.0, 1.5, 1.0, 1.5]
w = f(remaining turns)    [1.0, 1.0, 1.0, 1.5]
Resulting Utility         [13.6, -4.199999999999999, 19.8, -3.4000000000000004]
 Decision DOWN
074
100
Standard Error Stream:
.....#...#....#...#....#...#.. 14 17 17 2 0 0 0
12311333 -9 9 -9 9 -9 9 0
LDRU 16 9 9 0 -1 -1 5
UD 36 37 37 6 8 8 0
Points                    [[14, 17, 17], [7, 7, 7], [16, 9, 9], [36, 37, 37]]
Utilities                 [[5.0, 2.5, 5.0, 7.5], [1.5, 0.5, 0.5, 1.5], [5, 4, 6, 5], [10, 0, 0, 0]]
w = f(points)             [1.0, 1.2, 1.0, 1.2]
w = f(medals)             [1.0, 1.5, 1.0, 1.5]
w = f(remaining turns)    [1.0, 1.0, 1.5, 1.5]
Resulting Utility         [42.2, 9.4, 14.9, 17.7]
 Decision UP
075
100
Standard Error Stream:
.....#...#....#...#....#...#.. 14 19 19 1 0 0 0
2311333 -9 8 -9 8 -9 8 0
DLRU 19 9 9 4 2 2 4
D 43 46 46 7 9 9 0
Points                    [[14, 19, 19], [8, 8, 8], [19, 9, 9], [43, 46, 46]]
Utilities                 [[5.0, 2.5, 5.0, 7.5], [2.5, 0.5, 0.5, 2.5], [-10, -10, -10, -10], [0, 0, 10, 0]]
w = f(points)             [1.0, 1.2, 1.0, 1.2]
w = f(medals)             [1.0, 1.5, 1.0, 1.5]
w = f(remaining turns)    [1.5, 1.0, 1.5, 1.5]
Resulting Utility         [-3.0, -10.35, 20.4, 0.75]
 Decision DOWN
076
100
Standard Error Stream:
.....#...#....#...#....#...#.. 14 21 21 0 0 0 0
311333 -9 10 -9 10 -9 10 0
UDLR 20 10 10 -2 3 3 3
GAME_OVER 51 56 56 8 10 10 0
Points                    [[14, 21, 21], [6, 6, 6], [20, 10, 10], [51, 56, 56]]
Utilities                 [[5.0, 2.5, 5.0, 7.5], [2.0, -1.0, -1.0, 2.0], [4, 5, 6, 7], [0, 0, 0, 0]]
w = f(points)             [1.0, 1.2, 1.0, 1.2]
w = f(medals)             [1.0, 1.0, 1.0, 1.5]
w = f(remaining turns)    [1.5, 1.0, 1.5, 1.0]
Resulting Utility         [15.9, 10.05, 15.3, 24.15]
 Decision RIGHT
077
100
Standard Error Stream:
.....#...#....#...#....#...#.. 17 22 22 0 0 0 0
11333 -6 10 -12 10 -12 10 0
DURL 20 12 12 -1 -2 -2 2
LUUDLURRDRDDURR 0 0 0 0 0 0 0
Points                    [[17, 22, 22], [9, 3, 3], [20, 12, 12], [0, 0, 0]]
Utilities                 [[5.0, -10.0, -10.0, -10.0], [2.5, 1.5, 1.5, 2.5], [7, 8, 5, 6], [0, 10, 0, 0]]
w = f(points)             [1.0, 1.0, 1.0, 1.2]
w = f(medals)             [1.0, 1.0, 1.0, 1.5]
w = f(remaining turns)    [1.5, 1.5, 1.5, 1.0]
Resulting Utility         [21.75, 17.25, -5.25, -2.25]
 Decision UP
078
100
Standard Error Stream:
.....#...#....#...#....#...#.. 19 24 24 0 0 0 0
1333 -6 9 -12 9 -12 9 0
DLRU 20 12 12 0 -1 -1 1
UUDLURRDRDDURR 0 0 0 0 0 0 0
Points                    [[19, 24, 24], [10, 4, 4], [20, 12, 12], [0, 0, 0]]
Utilities                 [[5.0, 2.5, 5.0, 7.5], [3.0, 2.0, 2.0, 3.0], [7, 6, 4, 5], [10, 0, 0, 0]]
w = f(points)             [1.0, 1.0, 1.0, 1.2]
w = f(medals)             [1.0, 1.0, 1.0, 1.5]
w = f(remaining turns)    [1.5, 1.5, 1.5, 1.0]
Resulting Utility         [40.5, 15.75, 16.5, 23.25]
 Decision UP
079
100
Standard Error Stream:
.....#...#....#...#....#...#.. 21 26 26 0 0 0 0
333 -6 8 -12 8 -12 8 0
GAME_OVER 23 12 12 2 2 2 0
UDLURRDRDDURR 1 1 1 1 1 1 0
Points                    [[21, 26, 26], [11, 5, 5], [23, 12, 12], [1, 1, 1]]
Utilities                 [[-10.0, 2.5, -10.0, -10.0], [4.5, 1.5, 1.5, 4.5], [0, 0, 0, 0], [10, 0, 0, 0]]
w = f(points)             [1.0, 1.0, 1.0, 1.2]
w = f(medals)             [1.0, 1.0, 1.0, 1.5]
w = f(remaining turns)    [1.5, 1.5, 1.5, 1.0]
Resulting Utility         [9.75, 6.0, -12.75, -8.25]
 Decision UP
080
100
Standard Error Stream:
.....#...#....#...#....#...#.. 23 28 28 2 0 0 0
33 -6 5 -12 5 -12 5 0
RUDL 0 0 0 0 0 0 15
DLURRDRDDURR 3 3 3 2 2 2 0
Points                    [[23, 28, 28], [14, 8, 8], [0, 0, 0], [3, 3, 3]]
Utilities                 [[5.0, 2.5, 5.0, 7.5], [6.0, 3.0, 3.0, 6.0], [4, 5, 3, 2], [0, 0, 10, 0]]
w = f(points)             [1.0, 1.0, 1.2, 1.2]
w = f(medals)             [1.0, 1.0, 1.0, 1.5]
w = f(remaining turns)    [1.5, 1.5, 1.0, 1.0]
Resulting Utility         [21.3, 14.25, 33.6, 22.65]
 Decision DOWN
081
100
Standard Error Stream:
GAME_OVER 23 29 29 1 0 0 0
3 -6 8 -12 8 -12 8 0
DLRU 2 2 2 3 3 3 14
LURRDRDDURR 6 6 6 3 3 3 0
Points                    [[23, 29, 29], [11, 5, 5], [2, 2, 2], [6, 6, 6]]
Utilities                 [[0, 0, 0, 0], [4.5, 1.5, 1.5, 4.5], [-10, -10, -1, -10], [0, 10, 0, 0]]
w = f(points)             [1.0, 1.0, 1.2, 1.2]
w = f(medals)             [1.0, 1.0, 1.0, 1.5]
w = f(remaining turns)    [1.5, 1.5, 1.0, 1.0]
Resulting Utility         [-5.25, 8.25, 1.05, -5.25]
 Decision LEFT
082
100
Standard Error Stream:
......#...#...#....#...#...... 0 0 0 0 0 0 0
GAME_OVER -9 8 -15 8 -15 8 0
LDRU 4 4 4 -2 -2 -2 13
URRDRDDURR 10 10 10 4 4 4 0
Points                    [[0, 0, 0], [8, 2, 2], [4, 4, 4], [10, 10, 10]]
Utilities                 [[5.0, 2.5, 5.0, 7.5], [0, 0, 0, 0], [9, 6, 8, 7], [10, 0, 0, 0]]
w = f(points)             [1.2, 1.0, 1.2, 1.2]
w = f(medals)             [1.0, 1.0, 1.0, 1.5]
w = f(remaining turns)    [1.0, 1.0, 1.0, 1.0]
Resulting Utility         [34.8, 10.2, 15.6, 17.4]
 Decision UP
083
100
Standard Error Stream:
......#...#...#....#...#...... 2 2 2 0 0 0 0
213162323125 5 -6 5 -6 5 -6 0
UDRL 4 4 4 -1 -1 -1 12
RRDRDDURR 15 15 15 5 5 5 0
Points                    [[2, 2, 2], [14, 14, 14], [4, 4, 4], [15, 15, 15]]
Utilities                 [[5.0, 2.5, 5.0, 7.5], [3.5, 5.5, 5.5, 3.5], [5, 8, 7, 6], [0, 0, 0, 10]]
w = f(points)             [1.2, 1.2, 1.2, 1.2]
w = f(medals)             [1.0, 1.0, 1.0, 1.5]
w = f(remaining turns)    [1.0, 1.0, 1.0, 1.0]
Resulting Utility         [16.2, 19.2, 21.0, 38.4]
 Decision RIGHT
084
100
Standard Error Stream:
......#...#...#....#...#...... 5 5 5 0 0 0 0
13162323125 7 -6 7 -6 7 -6 0
LDUR 4 4 4 2 2 2 11
RDRDDURR 21 21 21 6 6 6 0
Points                    [[5, 5, 5], [12, 12, 12], [4, 4, 4], [21, 21, 21]]
Utilities                 [[5.0, -10.0, -10.0, -10.0], [3.0, 4.0, 4.0, 3.0], [-10, 0, 2, -10], [0, 0, 0, 10]]
w = f(points)             [1.2, 1.2, 1.2, 1.2]
w = f(medals)             [1.0, 1.0, 1.0, 1.5]
w = f(remaining turns)    [1.0, 1.0, 1.0, 1.0]
Resulting Utility         [-2.4000000000000004, -7.2, -4.800000000000001, -2.3999999999999986]
 Decision RIGHT
085
100
Standard Error Stream:
......#...#...#....#...#...... 6 6 6 2 2 2 0
3162323125 8 -6 8 -6 8 -6 0
ULRD 7 7 7 -2 -2 -2 10
DRDDURR 28 28 28 7 7 7 0
Points                    [[6, 6, 6], [11, 11, 11], [7, 7, 7], [28, 28, 28]]
Utilities                 [[5.0, 2.5, 5.0, 7.5], [1.5, 4.5, 4.5, 1.5], [6, 8, 9, 7], [0, 0, 10, 0]]
w = f(points)             [1.2, 1.2, 1.2, 1.2]
w = f(medals)             [1.0, 1.0, 1.0, 1.5]
w = f(remaining turns)    [1.0, 1.0, 1.0, 1.0]
Resulting Utility         [15.0, 18.0, 40.199999999999996, 19.200000000000003]
 Decision DOWN
086
100
Standard Error Stream:
......#...#...#....#...#...... 6 6 6 1 1 1 0
162323125 8 -3 8 -3 8 -3 0
URLD 7 7 7 -1 -1 -1 9
RDDURR 36 36 36 8 8 8 0
Points                    [[6, 6, 6], [14, 14, 14], [7, 7, 7], [36, 36, 36]]
Utilities                 [[5.0, 2.5, 5.0, 7.5], [4.0, 5.0, 5.0, 4.0], [5, 6, 8, 7], [0, 0, 0, 10]]
w = f(points)             [1.2, 1.2, 1.2, 1.2]
w = f(medals)             [1.0, 1.0, 1.0, 1.5]
w = f(remaining turns)    [1.0, 1.0, 1.0, 1.0]
Resulting Utility         [16.8, 16.2, 21.6, 40.2]
 Decision RIGHT
087
100
Standard Error Stream:
......#...#...#....#...#...... 6 6 6 0 0 0 0
62323125 9 -3 9 -3 9 -3 0
ULRD 7 7 7 2 2 2 8
DDURR 45 45 45 9 9 9 0
Points                    [[6, 6, 6], [13, 13, 13], [7, 7, 7], [45, 45, 45]]
Utilities                 [[5.0, 2.5, 5.0, 7.5], [1.0, 7.0, 4.0, 1.0], [0, 2, -10, -10], [0, 0, 10, 0]]
w = f(points)             [1.2, 1.2, 1.2, 1.2]
w = f(medals)             [1.0, 1.0, 1.0, 1.5]
w = f(remaining turns)    [1.0, 1.0, 1.0, 1.5]
Resulting Utility         [7.2, 13.8, 25.8, -1.8000000000000007]
 Decision DOWN
088
100
Standard Error Stream:
......#...#...#....#...#...... 8 8 8 0 0 0 0
2323125 9 3 9 3 9 3 0
URLD 10 10 10 -2 -2 -2 7
DURR 55 55 55 10 10 10 0
Points                    [[8, 8, 8], [13, 13, 13], [10, 10, 10], [55, 55, 55]]
Utilities                 [[-10.0, 2.5, -10.0, -10.0], [5.0, 5.0, 3.0, 3.0], [6, 7, 9, 8], [0, 0, 10, 0]]
w = f(points)             [1.2, 1.2, 1.2, 1.2]
w = f(medals)             [1.0, 1.0, 1.0, 1.5]
w = f(remaining turns)    [1.0, 1.0, 1.0, 1.5]
Resulting Utility         [1.1999999999999993, 17.4, 29.4, 1.1999999999999993]
 Decision DOWN
089
100
Standard Error Stream:
......#...#...#....#...#...... 10 10 10 2 2 2 0
323125 9 5 9 5 9 5 0
DRLU 10 10 10 -1 -1 -1 6
URR 66 66 66 11 11 11 0
Points                    [[10, 10, 10], [11, 11, 11], [10, 10, 10], [66, 66, 66]]
Utilities                 [[5.0, 2.5, 5.0, 7.5], [4.5, 4.5, 1.5, 1.5], [8, 6, 5, 7], [10, 0, 0, 0]]
w = f(points)             [1.2, 1.2, 1.2, 1.2]
w = f(medals)             [1.0, 1.0, 1.0, 1.5]
w = f(remaining turns)    [1.0, 1.0, 1.0, 1.5]
Resulting Utility         [48.0, 15.599999999999998, 13.8, 19.200000000000003]
 Decision UP
090
100
Standard Error Stream:
......#...#...#....#...#...... 10 10 10 1 1 1 0
23125 9 2 9 2 9 2 0
RLUD 10 10 10 2 2 2 5
RR 78 78 78 12 12 12 0
Points                    [[10, 10, 10], [14, 14, 14], [10, 10, 10], [78, 78, 78]]
Utilities                 [[5.0, 2.5, 5.0, 7.5], [5.5, 5.5, 3.5, 3.5], [-10, 2, -10, 0], [0, 0, 0, 10]]
w = f(points)             [1.2, 1.2, 1.2, 1.2]
w = f(medals)             [1.0, 1.0, 1.0, 1.5]
w = f(remaining turns)    [1.0, 1.5, 1.5, 1.5]
Resulting Utility         [-2.1000000000000014, 16.5, -5.699999999999999, 42.3]
 Decision RIGHT
091
100
Standard Error Stream:
......#...#...#....#...#...... 10 10 10 0 0 0 0
3125 11 2 11 2 11 2 0
LRDU 11 11 11 3 3 3 4
R 91 91 91 13 13 13 0
Points                    [[10, 10, 10], [12, 12, 12], [11, 11, 11], [91, 91, 91]]
Utilities                 [[5.0, 2.5, 5.0, 7.5], [4.0, 5.0, 2.0, 2.0], [-10, -1, -10, -10], [0, 0, 0, 10]]
w = f(points)             [1.2, 1.2, 1.2, 1.2]
w = f(medals)             [1.0, 1.0, 1.0, 1.5]
w = f(remaining turns)    [1.0, 1.5, 1.5, 1.5]
Resulting Utility         [-4.800000000000001, 10.2, -8.4, 21.6]
 Decision RIGHT
092
100
Standard Error Stream:
......#...#...#....#...#...... 13 13 13 0 0 0 0
125 14 2 14 2 14 2 0
LDRU 13 13 13 -2 -2 -2 3
GAME_OVER 105 105 105 14 14 14 0
Points                    [[13, 13, 13], [9, 9, 9], [13, 13, 13], [105, 105, 105]]
Utilities                 [[5.0, -10.0, -10.0, -10.0], [2.5, 2.5, 1.5, 1.5], [9, 6, 8, 7], [0, 0, 0, 0]]
w = f(points)             [1.2, 1.2, 1.2, 1.2]
w = f(medals)             [1.0, 1.0, 1.0, 1.5]
w = f(remaining turns)    [1.0, 1.5, 1.5, 1.0]
Resulting Utility         [26.7, 3.299999999999999, 5.099999999999998, 3.3000000000000007]
 Decision UP
093
100
Standard Error Stream:
......#...#...#....#...#...... 15 15 15 0 0 0 0
25 14 1 14 1 14 1 0
URLD 13 13 13 -1 -1 -1 2
LRRDDLRRDLRDR 0 0 0 0 0 0 0
Points                    [[15, 15, 15], [10, 10, 10], [13, 13, 13], [0, 0, 0]]
Utilities                 [[5.0, 2.5, 5.0, 7.5], [2.5, 3.5, 1.5, 1.5], [5, 6, 8, 7], [0, 10, 0, 0]]
w = f(points)             [1.2, 1.2, 1.2, 1.2]
w = f(medals)             [1.0, 1.0, 1.0, 1.5]
w = f(remaining turns)    [1.0, 1.5, 1.5, 1.0]
Resulting Utility         [19.5, 38.1, 23.099999999999998, 24.3]
 Decision LEFT
094
100
Standard Error Stream:
......#...#...#....#...#...... 16 18 18 0 0 0 0
5 12 1 16 1 16 1 0
ULRD 13 13 13 2 2 2 1
RRDDLRRDLRDR 1 0 0 1 0 0 0
Points                    [[16, 18, 18], [12, 8, 8], [13, 13, 13], [1, 0, 0]]
Utilities                 [[5.0, 2.5, 5.0, -10.0], [2.0, 6.0, 1.0, 1.0], [0, 2, -10, -10], [0, 0, 0, 10]]
w = f(points)             [1.2, 1.0, 1.2, 1.0]
w = f(medals)             [1.0, 1.0, 1.0, 1.5]
w = f(remaining turns)    [1.0, 1.5, 1.5, 1.0]
Resulting Utility         [9.0, 15.6, -10.5, -13.5]
 Decision LEFT
095
100
Standard Error Stream:
......#...#...#....#...#...... 17 20 20 0 0 0 0
GAME_OVER 7 1 16 -4 16 -4 0
GAME_OVER 15 14 14 2 3 3 0
RDDLRRDLRDR 1 0 0 0 0 0 0
Points                    [[17, 20, 20], [17, 5, 5], [15, 14, 14], [1, 0, 0]]
Utilities                 [[-10.0, 2.5, -10.0, -10.0], [0, 0, 0, 0], [0, 0, 0, 0], [0, 0, 0, 10]]
w = f(points)             [1.2, 1.0, 1.2, 1.0]
w = f(medals)             [1.0, 1.0, 1.0, 1.5]
w = f(remaining turns)    [1.5, 1.0, 1.5, 1.0]
Resulting Utility         [-18.0, 4.5, -18.0, -3.0]
 Decision LEFT
096
100
Standard Error Stream:
......#...#...#....#...#...... 18 23 23 0 2 2 0
232415542251311 -6 7 -6 7 -6 7 0
RUDL 0 0 0 0 0 0 15
DDLRRDLRDR 1 1 1 0 1 1 0
Points                    [[18, 23, 23], [12, 12, 12], [0, 0, 0], [1, 1, 1]]
Utilities                 [[5.0, -10.0, -10.0, -10.0], [4.5, 2.5, 2.5, 4.5], [4, 5, 3, 2], [0, 0, 10, 0]]
w = f(points)             [1.0, 1.2, 1.2, 1.2]
w = f(medals)             [1.0, 1.0, 1.0, 1.5]
w = f(remaining turns)    [1.5, 1.0, 1.0, 1.0]
Resulting Utility         [17.7, -6.0, 9.6, -7.200000000000001]
 Decision UP
097
100
Standard Error Stream:
......#...#...#....#...#...... 20 23 23 0 1 1 0
32415542251311 -6 5 -6 9 -6 9 0
DLRU 2 2 2 2 3 3 14
DLRRDLRDR 1 3 3 0 2 2 0
Points                    [[20, 23, 23], [14, 10, 10], [2, 2, 2], [1, 3, 3]]
Utilities                 [[5.0, 2.5, 5.0, -10.0], [6.0, 3.0, 3.0, 6.0], [-10, 2, 0, -10], [0, 0, 10, 0]]
w = f(points)             [1.2, 1.0, 1.2, 1.0]
w = f(medals)             [1.0, 1.0, 1.0, 1.5]
w = f(remaining turns)    [1.5, 1.0, 1.0, 1.0]
Resulting Utility         [3.0, 9.9, 27.0, -24.0]
 Decision DOWN
098
100
Standard Error Stream:
......#...#...#....#...#...... 22 23 23 0 0 0 0
2415542251311 -6 8 -6 12 -6 12 0
UDLR 3 3 3 3 4 4 13
LRRDLRDR 2 6 6 1 3 3 0
Points                    [[22, 23, 23], [11, 7, 7], [3, 3, 3], [2, 6, 6]]
Utilities                 [[5.0, -10.0, -10.0, -10.0], [4.0, 2.0, 2.0, 4.0], [-1, -10, -10, -10], [0, 10, 0, 0]]
w = f(points)             [1.2, 1.0, 1.2, 1.0]
w = f(medals)             [1.0, 1.0, 1.0, 1.5]
w = f(remaining turns)    [1.5, 1.0, 1.0, 1.0]
Resulting Utility         [11.8, -13.0, -28.0, -26.0]
 Decision UP
099
100
Standard Error Stream:
......#...#...#....#...#...... 24 24 24 0 0 0 0
415542251311 -6 6 -8 12 -8 12 0
DLUR 4 5 5 2 -2 -2 12
RRDLRDR 2 10 10 0 4 4 0
Points                    [[24, 24, 24], [13, 5, 5], [4, 5, 5], [2, 10, 10]]
Utilities                 [[5.0, 2.5, 5.0, 7.5], [6.0, 2.0, 2.0, 6.0], [3, 4, 0, 5], [0, 0, 0, 10]]
w = f(points)             [1.2, 1.0, 1.0, 1.0]
w = f(medals)             [1.0, 1.0, 1.0, 1.5]
w = f(remaining turns)    [1.5, 1.0, 1.0, 1.0]
Resulting Utility         [18.0, 10.5, 11.0, 39.5]
 Decision RIGHT
